36
33
40
29
18
35
39
39
42
50
34
31
26
29
35
39
34
26
22
31
31
28
23
27
36
43
40
41
38
39
47
52
47
55
54
39
40
46
33
33
39
25
26
14
7
15
53
35
31
37
35
41
39
42
54
33
41
56
48
37
37
31
38
34
46
48
60
80
63
57
63
56
42
59
62
59
48
45
39
48
49
50
61
57
53
62
48
48
63
70
67
56
37
24
40
42
65
42
46
47
49
49
54
58
65
67
78
79
65
64
80
76
60
58
59
45
60
61
64
70
50
51
56
54
61
67
69
61
59
72
78
85
64
76
51
60
69
72
75
78
70
78
84
67
89
87
92
95
93
88
85
86
86
86
88
70
82
80
66
66
80
65
70
69
83
87
90
86
91
93
93
80
79
84
87
92
94
79
86
83
87
86
78
84
89
91
93
92
85
67
79
83
88
93
85
91
84
87
87
80
84
89
95
91
89
86
86
92
91
90
83
72
79
79
87
88
90
89
87
87
89
81
94
92
93
87
84
79
84
87
88
91
85
76
82
88
79
91
89
90
86
84
76
80
81
80
84
88
86
88
88
89
89
80
79
87
82
74
79
81
76
79
87
64
