8.40188
3.94383
7.83099
7.9844
9.11647
1.97551
3.35223
7.6823
2.77775
5.5397
4.77397
6.28871
3.64784
5.13401
9.5223
9.16195
6.35712
7.17297
1.41603
6.06969
0.163006
2.42887
1.37232
8.04177
1.56679
4.00944
1.2979
1.08809
9.98925
2.18257
5.12932
8.39112
6.1264
2.96032
6.37552
5.24287
4.93583
9.72775
2.92517
7.71358
5.26745
7.69914
4.00229
8.91529
2.83315
3.52458
8.07725
9.19026
0.697553
9.49327
5.25995
0.860558
1.92214
6.63227
8.90233
3.48893
0.641713
0.20023
4.57702
0.630958
2.3828
9.70634
9.02208
8.5092
2.66666
5.3976
3.75207
7.60249
5.12535
6.67724
5.31606
0.392803
4.37638
9.31835
9.3081
7.20952
2.84293
7.38534
6.39979
3.54049
6.87861
1.65974
4.40105
8.80075
8.29201
3.30337
2.28968
8.93372
3.5036
6.8667
9.56468
5.8864
6.57304
8.58676
4.3956
9.2397
3.98437
8.14767
6.84219
9.10972
4.82491
2.15825
9.50252
9.20128
1.4766
8.81062
6.41081
4.31953
6.19596
2.81059
7.86002
3.07458
4.47034
2.26107
1.87533
2.76235
5.56444
4.16501
1.69607
9.06804
1.03171
1.26075
4.95444
7.60475
9.84752
9.35004
6.84445
3.83188
7.49771
3.68664
2.9416
2.32262
5.84489
2.44413
1.5239
7.32149
1.25475
7.9347
1.64102
7.45071
0.745298
9.50104
0.525293
5.21563
1.76211
2.40062
7.97798
7.32654
6.56564
9.67405
6.39458
7.59735
0.934805
1.34902
5.2021
0.782321
0.699064
2.04655
4.6142
8.19677
5.73319
7.55581
0.519388
1.57807
9.99994
2.04329
8.89956
1.25468
9.97799
0.540576
8.7054
0.723288
0.0416161
9.23069
5.93892
1.80372
1.63131
3.9169
9.13027
8.19695
3.59095
5.52485
5.7943
4.52576
6.87387
0.996401
5.30808
7.57294
3.04295
9.92228
5.76971
8.77614
7.47809
6.2891
0.354209
7.47803
8.33239
9.25377
8.73271
8.31038
9.79434
7.43811
9.03366
9.83596
6.6688
4.97259
1.63968
8.30012
8.88949
0.769947
6.49707
2.48044
6.2948
2.29137
7.0062
3.16867
3.28777
2.31428
0.74161
6.33072
2.23656
6.51132
5.10686
9.71466
2.80042
5.46107
7.19269
1.13281
4.71483
5.9254
9.44318
4.50918
3.36351
8.47684
4.34513
0.0323146
3.44943
5.98481
8.33243
2.33892
6.75476
4.8295
4.81936
3.04956
7.12087
1.82556
6.21823
0.408643
4.13984
6.95984
6.73936
6.3764
3.47116
1.84622
6.09106
6.27158
7.30729
3.28374
7.40438
2.02213
9.20914
6.84757
6.5313
2.57265
5.32441
0.876436
2.60497
8.77384
6.86125
0.937402
1.11276
3.61601
5.76691
5.93211
6.66557
2.88778
7.75767
2.88379
3.29642
1.89751
9.84363
0.0357857
8.27391
3.31479
1.88201
4.36497
9.58637
9.1893
7.64871
6.99075
1.21143
6.85786
3.83832
7.74273
9.43051
9.16273
8.61917
2.03548
7.93657
5.48042
2.97288
9.04932
9.09643
8.73979
4.98144
5.762
1.62757
2.73911
8.64579
4.92399
4.63662
8.48942
4.95977
2.91053
1.80421
6.84178
7.2755
1.39058
6.03109
4.92422
8.38134
7.24252
1.78208
2.21966
4.98525
1.21259
1.38238
3.60443
3.24807
9.31895
9.08485
6.22095
8.36828
8.18128
4.96074
3.34972
3.94327
6.58831
6.08883
2.58906
1.5123
0.72545
1.07848
6.47207
3.63598
2.8827
3.31386
0.911486
4.27328
9.34495
5.8357
2.65461
6.58747
7.61778
4.87427
1.57272
8.83037
6.25665
5.17715
2.07844
5.57561
4.26199
8.29939
3.94388
2.44327
3.26013
7.2936
6.38654
9.84845
3.38243
8.9756
1.36075
4.10788
0.0540855
7.83282
7.74386
2.93678
1.14668
8.65535
7.21006
0.491625
4.49105
9.86467
7.07909
2.10883
4.73894
8.65181
0.939195
0.995593
3.82896
3.01763
6.5712
8.09095
1.31702
0.515083
0.534223
4.57716
7.80868
6.92076
4.4256
1.19111
5.89637
5.78635
5.29899
5.95045
3.61917
3.04285
8.88723
4.76585
1.6982
6.09729
5.25747
6.18925
5.96196
2.33656
8.29808
0.700902
0.988374
9.23728
1.6965
4.81733
2.25491
8.26769
2.90829
3.57193
8.78278
3.44251
8.14909
6.59146
0.363274
2.57469
7.78257
6.25964
8.36104
3.08157
2.21009
1.98021
6.12442
1.09733
6.74605
7.82262
7.19462
2.00352
4.01188
3.15658
4.34009
2.30996
3.85748
5.32846
1.54724
5.55398
0.145793
3.80215
3.82167
3.05408
7.37408
2.60445
6.49659
5.52316
9.19591
6.85986
8.09785
6.97848
3.1195
6.45889
0.0600477
5.3296
8.4391
6.18447
6.42693
5.18515
4.00709
3.62154
7.18867
8.01897
6.77812
1.52876
0.328927
0.635606
6.85722
1.87616
6.18958
7.00301
5.67831
0.0112548
0.0570914
3.05239
2.6157
6.55368
8.57555
1.81161
3.41354
6.67341
8.79009
6.53305
3.1323
8.85014
1.86265
1.57139
5.03461
8.28957
6.75654
9.0417
1.91112
3.94521
7.06067
8.68924
5.47397
7.38959
9.32485
2.33119
9.26576
5.51443
9.3342
4.94407
5.52568
9.39129
7.99646
8.14139
5.94497
6.57201
9.953
9.35852
3.24541
8.74309
5.89157
6.37771
7.59324
7.75421
7.9491
2.62785
6.04379
4.70564
1.66955
7.9549
8.65086
8.73021
6.64414
4.12483
6.11981
5.96899
6.45601
5.38557
1.48342
5.79022
0.329634
7.0091
5.18151
8.32609
5.15049
1.12648
4.8981
5.10349
0.484997
8.14351
3.84658
6.37656
4.52122
1.43982
4.13078
2.47033
4.06767
0.174566
7.17597
5.73721
8.12947
5.82682
4.46743
4.77361
9.95165
0.587232
0.742604
6.40766
5.9728
2.22602
2.19788
6.30243
9.23513
7.37939
4.62852
4.38562
8.50586
9.52662
9.48911
8.99086
7.67014
3.33569
5.36742
2.19136
4.77551
9.4982
4.66169
8.84318
9.67277
1.83765
4.58039
7.80224
7.66448
9.04782
2.57585
7.61612
9.63505
3.31846
4.02379
5.60785
5.54448
6.22167
1.91028
4.77961
3.60105
6.5388
9.16523
2.10692
6.06542
8.65434
1.09778
3.73556
1.99003
6.4652
5.92692
6.76554
5.96341
0.588605
5.60872
5.63617
2.42626
0.189108
3.43841
0.0907344
9.23692
6.01427
7.70686
8.87197
9.33273
1.73065
4.47982
4.87721
7.95231
6.39009
9.65682
1.55336
2.92889
8.82204
3.66028
8.99431
7.47638
4.75806
2.72987
9.4664
1.22326
8.65679
6.23194
7.18666
9.2454
1.84066
2.82284
1.67165
2.02977
6.26125
1.76239
1.26669
2.27552
9.46925
0.138663
1.60824
1.19989
4.61848
6.48545
9.15221
1.00857
6.14227
0.70557
3.93746
4.96431
4.36585
2.93177
2.44069
9.12391
5.66164
1.90709
0.347164
4.31844
8.13904
7.53383
3.56383
9.9797
0.356664
5.23548
2.00947
6.61792
6.99787
3.27616
8.89343
6.46712
3.41482
0.501679
7.66701
8.0333
6.98713
6.81922
9.04187
3.1294
7.52479
2.97933
8.09371
1.89064
5.91111
0.534394
1.01454
1.57275
2.44149
1.36171
5.89119
0.580523
8.89553
9.45502
0.560222
9.2522
4.6905
2.56969
5.87011
1.68837
5.84585
4.76355
8.15549
9.26068
5.26523
5.8225
7.29398
2.25236
2.64172
6.33585
5.38175
0.166506
9.31518
3.47546
2.05714
5.22629
4.00985
3.07168
6.79904
6.45134
4.43339
2.69022
7.03186
3.32892
2.14524
7.59208
2.58112
6.83574
0.161775
8.45123
8.52411
6.00763
3.21478
6.6796
5.2683
8.48
2.5021
2.56228
0.732357
5.14382
8.89813
6.11411
5.31033
8.21331
9.58957
7.36747
3.43959
3.59942
0.439153
0.238632
0.050762
4.87254
2.92886
7.08262
8.20146
5.0741
4.67471
0.782579
1.90984
4.83648
9.23381
0.433947
0.84411
2.44858
7.11355
6.11241
0.928584
9.61565
8.67469
1.66094
4.75947
7.57282
7.77505
0.0698012
5.78613
7.36462
7.43727
9.22572
0.964041
7.87642
9.46435
1.0148
2.74897
2.39321
8.09743
0.950427
7.4673
2.77214
1.73301
9.37714
7.60862
0.966814
9.81109
8.45273
3.4154
6.92463
4.56514
4.34398
6.54029
3.23983
6.00492
1.29976
0.81265
3.77997
1.36956
6.59878
1.14459
8.80683
5.8245
2.10863
6.68326
5.28885
3.12343
9.43222
7.68206
1.22086
0.382648
5.14936
3.993
2.11565
4.5265
1.60162
3.08247
4.33758
0.0543489
6.49787
1.26222
4.61949
0.841846
7.80251
7.85932
6.84677
9.10227
8.67197
0.626739
0.471826
5.27075
1.77133
9.27866
1.09525
3.87996
5.96191
6.38409
7.0034
5.39413
4.06615
8.22426
5.77678
9.21551
2.21726
7.89244
3.74201
3.81888
0.974906
8.07959
3.87323
7.47277
9.34181
8.49272
8.31462
7.14432
6.35204
5.16139
6.24658
5.02401
5.78813
6.71841
0.294762
7.55945
5.99707
1.39001
1.43942
1.95898
7.7741
8.44281
7.35311
1.84025
6.66707
3.1299
1.05576
8.88433
1.02233
4.79777
2.70321
1.99724
2.87736
6.57643
9.47001
2.21918
5.06915
7.78463
9.36349
1.42119
2.94601
5.61007
6.4452
8.73414
2.32848
6.73996
6.29359
8.32555
8.12997
7.73301
0.284525
5.90407
6.17582
7.63764
7.74432
2.84289
0.767534
8.80009
1.72722
1.78987
3.59786
4.43043
3.7871
6.47522
1.00686
3.25711
8.6944
6.076
1.04174
8.05789
7.49719
3.98775
3.66796
3.94239
2.72189
5.99644
0.682348
9.01549
4.32199
8.81232
6.7485
4.60652
4.71639
2.92432
2.24415
2.46071
5.76721
3.01169
1.2608
7.49443
4.80156
4.85866
1.92486
8.58866
1.33388
2.93171
1.84577
0.0282779
9.00772
2.88752
8.08617
6.50491
6.87527
1.75413
0.447295
9.59716
7.75058
1.12964
8.61265
2.07257
9.94196
5.36115
6.67908
4.65835
8.28546
8.92324
7.11906
4.05267
1.93493
8.37986
1.54711
6.73648
3.23852
3.47196
5.32514